1.9957 2.7363
1.5573 2.4469
2.5028 0.7232
2.5052 2.5370
4.0251 2.4695
0.6988 0.8157
1.2980 1.9282
0.7766 3.6021
1.4299 1.5065
1.4946 0.6525
1.5586 2.1588
1.5311 1.4398
1.4896 1.6413
1.7629 2.4102
2.4282 1.9452
3.1137 1.6186
1.6350 0.9683
3.8274 1.1797
2.8728 0.9765
3.2197 1.3948
1.0198 3.7605
0.1718 2.1477
2.3269 1.4506
2.3443 1.8721
0.2997 2.2453
0.5141 2.2761
2.3521 2.3187
3.0365 3.0905
3.3563 1.6561
1.0817 2.3551
2.6046 1.3814
2.6142 0.1410
1.9679 1.4281
0.9481 3.4180
0.8955 1.6454
2.7405 3.0219
0.3179 2.6018
1.7051 1.4027
2.1405 3.9134
3.0930 2.8734
1.6408 2.9026
0.6075 1.0904
2.3480 1.3529
1.2803 2.6464
3.7775 3.1998
1.1321 1.9736
2.1710 3.7119
4.0424 1.8722
3.0541 2.7181
1.9831 2.0034
2.4792 3.0940
4.4027 1.6729
3.4006 1.9686
0.6716 0.4917
2.1847 2.3023
3.0649 2.0897
0.4652 2.5281
2.2887 2.3382
1.9318 1.3307
2.2884 2.6640
1.1949 4.6102
0.1730 1.3585
0.9276 2.9323
3.8749 1.4222
1.8703 1.0916
1.0485 0.8772
3.4679 2.5754
2.9190 2.0332
1.1374 2.8737
3.0750 1.8100
3.1104 0.8246
1.2262 1.8017
2.5399 1.9262
1.6293 2.6124
3.2508 0.7896
0.7379 0.1569
1.5915 2.4588
2.8208 1.2235
1.9205 1.5092
2.5764 2.5504
3.7375 2.0183
1.5736 2.1649
0.9042 3.1843
3.5623 3.0659
1.5626 2.0036
2.3183 1.4683
1.4180 0.8062
0.4312 2.3158
1.0527 4.3131
3.3122 3.0471
1.5849 2.2250
1.8498 0.9021
2.3000 0.7741
3.1768 1.4700
2.1524 -1.7422
1.7415 2.4174
1.1475 3.2435
2.5828 2.1106
-0.0883 1.6729
0.8250 3.3529
-2.4277 -2.5530
-2.5794 -3.4926
-1.0740 -1.5709
-1.9945 -2.7019
-2.6345 -1.6063
-1.1417 -2.8305
-2.4808 -3.2534
-0.5103 -3.4034
-2.6294 -1.7189
-2.5940 -0.0455
-2.6287 -1.7996
-1.6437 -1.5095
-0.6949 -1.8562
-1.6343 -1.7699
-1.2279 0.3655
-0.7447 -2.7813
-2.1283 -2.1589
-1.0514 -2.6737
-2.1245 -1.2860
0.0999 -1.7448
-1.7397 -2.3273
-2.5455 -1.2579
-1.8996 -3.0057
-2.7329 -1.8806
-3.5242 -1.7996
-1.6502 -0.4261
-1.7671 -1.4614
-1.3460 -1.9669
-2.8450 -3.3417
-2.8051 -3.4709
-2.4908 -1.4094
-3.0057 -2.7002
0.6914 -2.2412
-1.6285 -2.8694
-2.6531 -1.8184
-1.5757 -1.7721
-0.7705 -0.2553
-1.3224 -0.1821
-1.0834 -0.9384
-1.5193 -0.9160
-3.5071 -3.1697
-2.7599 -0.7242
-0.9402 -2.9416
-2.1981 -3.5995
-1.7408 1.1663
-1.4451 -1.6813
-3.0214 -2.6629
-1.8099 -1.9921
-2.4348 -1.9310
-3.4742 -4.0700
-1.6068 -2.7156
-2.8441 -1.4707
-2.5028 -1.9645
-3.3392 -3.6629
-2.6030 -2.4915
-1.5605 -2.1501
-0.4285 -1.9187
-3.1315 -3.6788
-1.6547 -1.7447
-1.4766 -0.4709
-0.9560 -3.5927
-0.7401 -1.5612
-3.1059 -0.6563
-1.9386 -1.6197
-0.7693 -1.4109
-1.4549 -2.4750
-0.6000 -2.1852
-0.7835 -3.1447
0.3438 -2.1215
-4.6200 -2.5526
-2.3319 -2.6580
-2.3386 -0.5527
-3.4236 -2.1171
-2.5212 -1.3701
-0.5778 -1.6247
-1.9407 -3.0149
-1.0394 -3.8899
-0.3651 -3.4338
-2.2903 -1.7241
-2.4096 -2.3012
-3.3171 -1.2405
-2.2773 -2.3799
-2.7147 -3.3223
-2.2193 -1.9037
-2.2256 -0.8990
-2.7284 -1.7346
-3.1447 -2.1860
-2.3777 -2.4209
-1.9854 -0.7319
-2.8957 -1.0857
-1.6478 -2.4297
-2.1441 -3.3464
-2.2607 -2.9136
-1.0883 -1.6667
0.3062 -3.0926
-1.1524 -2.3870
-1.3573 -2.1224
-1.9953 -2.6598
-1.8702 -2.6245
-1.4186 -2.2263
-2.5508 3.1796
-3.3423 2.7530
-1.2634 2.4841
-2.9195 2.7754
-0.9650 1.9433
-2.3434 1.9615
-2.3079 3.0204
-0.7044 3.0873
-1.7389 1.5292
-2.4023 0.2027
-2.8270 -0.2953
-2.5172 0.3774
-1.6001 0.9999
-1.1529 2.4471
-1.9520 1.2242
-2.4929 1.9147
-1.6646 2.3694
-1.3288 0.6138
-2.4217 1.1498
-0.5569 1.2506
-2.3643 1.1982
-1.1017 1.5608
-1.0317 2.7872
-1.9434 1.4925
-2.0847 2.6943
-1.1280 2.3403
-3.8037 2.1919
-1.9663 2.9750
-1.9309 4.1402
-1.6344 3.4673
-2.8849 0.4160
-3.4102 2.5299
-4.6384 0.7532
-1.4549 -0.0108
-0.9220 0.7893
-2.4443 -0.1819
0.3793 0.8687
-2.6410 3.3543
-3.3113 1.5235
-2.1457 4.6807
-1.8942 2.3908
-1.3176 3.0040
-1.8790 1.8540
-2.7636 1.7204
-3.5230 1.2166
-2.5867 2.1608
-3.3637 0.5171
-1.2764 1.1499
-2.1036 0.9308
-3.8530 2.1683
-1.6344 3.5159
-2.9224 4.1575
-0.6496 0.2443
-1.9478 2.3467
-1.7708 1.3459
-2.7874 0.9185
-1.4770 2.1034
-1.9351 1.5281
-1.7838 2.0511
-2.3203 2.7685
-1.3566 1.0645
-4.4392 1.8473
-1.8343 0.2996
-0.9518 1.6167
-2.1907 2.9889
-1.4219 0.2543
-2.5955 2.3909
-1.8273 0.6480
-2.5840 2.2190
-0.8550 1.5497
-1.5301 1.7215
-0.6241 0.3961
-2.0418 1.0889
-2.0593 1.8070
-1.6867 2.0717
-0.5516 1.8087
-4.3901 1.3588
-3.6766 3.3286
-0.7332 1.8055
-0.1065 1.2241
-2.2048 1.2414
-0.6462 1.9244
0.1702 2.9290
-1.8103 1.5754
-2.4555 2.8716
-2.4772 2.2265
-2.2561 1.4367
-1.2013 1.1828
-2.1706 2.1773
0.0373 1.8967
-2.3397 1.0950
-2.7159 1.2057
-1.4555 2.5391
-1.7647 2.5217
-1.5375 1.6886
-4.0939 2.8261
-2.1500 1.6501
-3.8335 1.8845
-1.8147 3.2348
-1.2350 1.4601