2.54 1.06
1.07 1.00
0.95 0.84
0.72 0.45
-0.98 -0.30
0.67 -0.17
-0.62 -1.90
-0.93 -1.01
-1.18 -1.38
-2.68 -2.69
-0.91 0.04
0.33 0.85
-0.78 -1.19
1.52 2.01
-0.96 -1.14
-0.79 -0.15
1.71 0.76
-1.14 -0.78
0.78 0.55
-1.13 0.15
0.06 0.62
3.15 0.91
0.67 0.09
1.71 0.94
2.74 1.90
1.32 -1.04
-1.01 0.12
-1.91 -1.49
0.69 0.81
0.23 1.11
1.00 0.18
0.46 1.60
-0.81 0.88
-1.25 -1.60
-0.68 -0.11
-0.99 -0.40
-1.01 0.52
0.86 0.04
0.63 0.77
1.55 2.28
-2.49 -1.72
-2.33 -0.98
-0.30 -1.17
-0.96 -1.35
-1.59 -2.34
-0.72 -0.99
2.44 2.67
2.94 2.50
-1.26 -1.30
1.37 1.51
1.25 0.30
0.59 0.93
0.03 0.08
-0.55 -1.29
1.25 1.56
0.58 -1.38
3.38 2.28
0.96 2.01
-2.44 -1.82
1.01 1.04
0.36 -0.30
-1.20 -1.44
1.11 -0.15
0.25 0.91
1.45 1.12
-0.73 0.74
-1.67 -3.15
0.78 2.80
2.19 0.74
0.37 0.52
1.17 0.92
-1.22 -2.05
-0.67 -0.77
1.59 1.52
3.54 4.17
2.04 1.35
-2.28 -2.07
-1.62 -0.38
0.87 -0.81
-1.35 -1.57
1.41 1.45
1.07 0.06
-3.40 -3.40
-0.22 -1.67
1.81 3.24
3.88 3.58
-0.16 0.87
-0.87 0.28
-0.55 2.31
2.13 1.79
1.53 1.58
2.19 2.19
-1.16 0.79
-1.03 -0.80
-0.12 -0.16
-0.88 -1.60
-0.22 0.31
1.21 1.51
-1.17 -1.29
-0.32 0.32
